00000000000000000000000000010001
00000100000000000000000000010000
00000000001000010000100000010001
00000100001000010000000000000100
00000000010000100001000000010001
00000100010000100000000000000100
00000011111111111111100000010001
00000000011000110001100000010001
00011111111000110000000000000000
00100011111000110000000000000111
00011111111000110000000000000001
00100011111000110000000000000110
00011111111000110000000000000010
00100011111000110000000000000101
00011111111000110000000000000011
00100011111000110000000000000100
00000000011000110001100000010001
00000100011000110000000000011001
00011111111001000000000000001000
00100011111001000000000000001010
00011111111001000000000000001001
00000000101001010010100000010001
00011100101001100000000000001010
00000000110001000011000000010000
00000100101001010000000000000001
00100000101001100000000000001010
00101100011001011111111111111011
00000000101001010010100000010001
00000000110001100011000000010001
00000000111001110011100000010001
00000001000010000100000000010001
00000011110111101111000000010001
00000011101111011110100000010001
00000111101111010000000001001110
00000011100111001110000000010001
00000111100111000000000000011010
00011100101010010000000000001010
00000001000001110101000000010000
00000001001010100011100000010000
00011000111010010000000000011101
00010100111001110000000000000011
00000000111010010011100000010000
00100000101001110000000000001010
00011100110010010000000000000100
00000001000001110101000000010000
00000001001010100100000000010000
00010101010010100000000000011011
00011001010010100000000000011011
00000011111111111111100000010001
00101001010111110000000000111111
00000111111111110000000000000001
00101001010111110000000001000110
00000111111111110000000000000001
00101001010111110000000001000111
00000111111111110000000000000001
00101001010111110000000001001000
00000111111111110000000000000001
00101001010111110000000001001001
00000111111111110000000000000001
00101001010111110000000001001010
00000111111111110000000000000001
00101001010111110000000001001011
00000111111111110000000000000001
00101001010111110000000001001100
00000111111111110000000000000001
00101001010111110000000001001101
00000111111111110000000000000001
00101001010111110000000001001110
00000111111111110000000000000001
00101001010111110000000001001111
00000111111111110000000000000001
00101001010111110000000001010000
00000111111111110000000000000001
00101001010111110000000001010001
00000111111111110000000000000001
00101001010111110000000001010010
00000111111111110000000000000001
00101001010111110000000001010011
00000111111111110000000000000001
00101001010111110000000001010100
00000111111111110000000000000001
00101001010111110000000001010101
00000111111111110000000000000001
00101001010111110000000001010110
00000111111111110000000000000001
00101001010111110000000001010111
00000111111111110000000000000001
00101001010111110000000001011000
00000111111111110000000000000001
00101001010111110000000001011001
00000111111111110000000000000001
00101001010111110000000001011010
00000111111111110000000000000001
00101001010111110000000001011011
00000111111111110000000000000001
00101001010111110000000001011100
00000111111111110000000000000001
00101001010111110000000001011101
00000111111111110000000000000001
00101001010111110000000001011110
00000111111111110000000000000001
00101001010111110000000001011111
00000111111111110000000000000001
00101001010111110000000001100000
00000111111111110000000000000001
00101001010111110000000001100001
00000111111111110000000000000001
00101001010111110000000001100010
00000111111111110000000000000001
00101001010111110000000001100011
00000111111111110000000000000001
00101001010111110000000001100100
00000001000010010100000000010000
00100000110010000000000000000100
00000100101001010000000000000001
00101011100001010000000001100011
00000100110001100000000000000001
00010100110001100000000000011110
00011000110001100000000000011110
00000111110111100000000000000001
00101111101111101111111110101011
00101011110111100000000001011111
00011001000010010000000000011111
00010101000010000000000000000001
00101001000010001111111111110011
00011001000010010000000000011110
00010101000010000000000000000010
00101001000010001111111111110000
00011001000010010000000000011101
00010101000010000000000000000011
00101001000010001111111111101101
00011001000010010000000000011100
00010101000010000000000000000100
00101001000010001111111111101010
00011001000010010000000000011011
00010101000010000000000000000101
00101001000010001111111111100111
00011001000010010000000000011010
00010101000010000000000000000110
00101001000010001111111111100100
00011001000010010000000000011001
00010101000010000000000000000111
00101001000010001111111111100001
00011001000010010000000000011000
00010101000010000000000000001000
00101001000010001111111111011110
00011001000010010000000000010111
00010101000010000000000000001001
00101001000010001111111111011011
00011001000010010000000000010110
00010101000010000000000000001010
00101001000010001111111111011000
00011001000010010000000000010101
00010101000010000000000000001011
00101001000010001111111111010101
00011001000010010000000000010100
00010101000010000000000000001100
00101001000010001111111111010010
00011001000010010000000000010011
00010101000010000000000000001101
00101001000010001111111111001111
00011001000010010000000000010010
00010101000010000000000000001110
00101001000010001111111111001100
00011001000010010000000000010001
00010101000010000000000000001111
00101001000010001111111111001001
00011001000010010000000000010000
00010101000010000000000000010000
00101001000010001111111111000110
00011001000010010000000000001111
00010101000010000000000000010001
00101001000010001111111111000011
00011001000010010000000000001110
00010101000010000000000000010010
00101001000010001111111111000000
00011001000010010000000000001101
00010101000010000000000000010011
00101001000010001111111110111101
00011001000010010000000000001100
00010101000010000000000000010100
00101001000010001111111110111010
00011001000010010000000000001011
00010101000010000000000000010101
00101001000010001111111110110111
00011001000010010000000000001010
00010101000010000000000000010110
00101001000010001111111110110100
00011001000010010000000000001001
00010101000010000000000000010111
00101001000010001111111110110001
00011001000010010000000000001000
00010101000010000000000000011000
00101001000010001111111110101110
00011001000010010000000000000111
00010101000010000000000000011001
00101001000010001111111110101011
00011001000010010000000000000110
00010101000010000000000000011010
00101001000010001111111110101000
00011001000010010000000000000101
00010101000010000000000000011011
00101001000010001111111110100101
00011001000010010000000000000100
00010101000010000000000000011100
00101001000010001111111110100010
00011001000010010000000000000011
00010101000010000000000000011101
00101001000010001111111110011111
00011001000010010000000000000010
00010101000010000000000000011110
00101001000010001111111110011100
00011001000010010000000000000001
00010101000010000000000000011111
00101001000010001111111110011001
00000000101001010010100000010001
00101000101001011111111110011011
00000011111111111111100000010001
00011111111000000000000000101000
00101011111000000000000101100000
00000000000000000000000000010001
00000011111111111111100000010001
00011111111000000000000000100100
00000000001000010000100000010001
00011111111000010000000000001010
00000000000000010000000000010000
00000000001000010000100000010001
00011111111000010000000000100101
00000000010000100001000000010001
00011111111000100000000000001011
00000000001000100000100000010000
00000011101111011110100000010001
00000111101111010000000000001100
00000000010000100001000000010001
00000100010000100000000000000001
00000000001000000001100000010010
00000000001000000010000000010100
00000000100000110000000000010100
00010100001000110000000000011011
00011000011000110000000000011011
00000011111111111111100000010001
00101011111000110000000000111111
00000111111111110000000000000001
00101011111000110000000010001110
00000111111111110000000000000001
00101011111000110000000010001111
00000111111111110000000000000001
00101011111000110000000010010000
00000111111111110000000000000001
00101011111000110000000010010001
00000111111111110000000000000001
00101011111000110000000010010010
00000111111111110000000000000001
00101011111000110000000010010011
00000111111111110000000000000001
00101011111000110000000010010100
00000111111111110000000000000001
00101011111000110000000010010101
00000111111111110000000000000001
00101011111000110000000010010110
00000111111111110000000000000001
00101011111000110000000010010111
00000111111111110000000000000001
00101011111000110000000010011000
00000111111111110000000000000001
00101011111000110000000010011001
00000111111111110000000000000001
00101011111000110000000010011010
00000111111111110000000000000001
00101011111000110000000010011011
00000111111111110000000000000001
00101011111000110000000010011100
00000111111111110000000000000001
00101011111000110000000010011101
00000111111111110000000000000001
00101011111000110000000010011110
00000111111111110000000000000001
00101011111000110000000010011111
00000111111111110000000000000001
00101011111000110000000010100000
00000111111111110000000000000001
00101011111000110000000010100001
00000111111111110000000000000001
00101011111000110000000010100010
00000111111111110000000000000001
00101011111000110000000010100011
00000111111111110000000000000001
00101011111000110000000010100100
00000111111111110000000000000001
00101011111000110000000010100101
00000111111111110000000000000001
00101011111000110000000010100110
00000111111111110000000000000001
00101011111000110000000010100111
00000111111111110000000000000001
00101011111000110000000010101000
00000111111111110000000000000001
00101011111000110000000010101001
00000111111111110000000000000001
00101011111000110000000010101010
00000111111111110000000000000001
00101011111000110000000010101011
00000111111111110000000000000001
00101011111000110000000010101100
00000000000001000000000000010000
00000000010000101111000000010000
00011111110000110000000000001010
00000000011000000000000000010000
00000000001000000001100000010010
00000000001000000010000000010100
00000000100000110000100000010100
00010100000000110000000000011011
00011000011000110000000000011011
00000011111111111111100000010001
00101011111000110000000000111111
00000111111111110000000000000001
00101011111000110000000010100010
00000111111111110000000000000001
00101011111000110000000010100011
00000111111111110000000000000001
00101011111000110000000010100100
00000111111111110000000000000001
00101011111000110000000010100101
00000111111111110000000000000001
00101011111000110000000010100110
00000111111111110000000000000001
00101011111000110000000010100111
00000111111111110000000000000001
00101011111000110000000010101000
00000111111111110000000000000001
00101011111000110000000010101001
00000111111111110000000000000001
00101011111000110000000010101010
00000111111111110000000000000001
00101011111000110000000010101011
00000111111111110000000000000001
00101011111000110000000010101100
00000111111111110000000000000001
00101011111000110000000010101101
00000111111111110000000000000001
00101011111000110000000010101110
00000111111111110000000000000001
00101011111000110000000010101111
00000111111111110000000000000001
00101011111000110000000010110000
00000111111111110000000000000001
00101011111000110000000010110001
00000111111111110000000000000001
00101011111000110000000010110010
00000111111111110000000000000001
00101011111000110000000010110011
00000111111111110000000000000001
00101011111000110000000010110100
00000111111111110000000000000001
00101011111000110000000010110101
00000111111111110000000000000001
00101011111000110000000010110110
00000111111111110000000000000001
00101011111000110000000010110111
00000111111111110000000000000001
00101011111000110000000010111000
00000111111111110000000000000001
00101011111000110000000010111001
00000111111111110000000000000001
00101011111000110000000010111010
00000111111111110000000000000001
00101011111000110000000010111011
00000111111111110000000000000001
00101011111000110000000010111100
00000111111111110000000000000001
00101011111000110000000010111101
00000111111111110000000000000001
00101011111000110000000010111110
00000111111111110000000000000001
00101011111000110000000010111111
00000111111111110000000000000001
00101011111000110000000011000000
00000000001001000000100000010000
00000111110111100000000000000001
00011111110000110000000000001010
00000000011000010000100000010000
00101111101000101111111101101100
00000011111111111111100000010001
00100011111000000000000000100110
00100011111000010000000000100111
11111100000000000000000000000000
00011000000001000000000000011111
00010100000000000000000000000001
00101000000000001111111110101011
00011000000001000000000000011110
00010100000000000000000000000010
00101000000000001111111110101000
00011000000001000000000000011101
00010100000000000000000000000011
00101000000000001111111110100101
00011000000001000000000000011100
00010100000000000000000000000100
00101000000000001111111110100010
00011000000001000000000000011011
00010100000000000000000000000101
00101000000000001111111110011111
00011000000001000000000000011010
00010100000000000000000000000110
00101000000000001111111110011100
00011000000001000000000000011001
00010100000000000000000000000111
00101000000000001111111110011001
00011000000001000000000000011000
00010100000000000000000000001000
00101000000000001111111110010110
00011000000001000000000000010111
00010100000000000000000000001001
00101000000000001111111110010011
00011000000001000000000000010110
00010100000000000000000000001010
00101000000000001111111110010000
00011000000001000000000000010101
00010100000000000000000000001011
00101000000000001111111110001101
00011000000001000000000000010100
00010100000000000000000000001100
00101000000000001111111110001010
00011000000001000000000000010011
00010100000000000000000000001101
00101000000000001111111110000111
00011000000001000000000000010010
00010100000000000000000000001110
00101000000000001111111110000100
00011000000001000000000000010001
00010100000000000000000000001111
00101000000000001111111110000001
00011000000001000000000000010000
00010100000000000000000000010000
00101000000000001111111101111110
00011000000001000000000000001111
00010100000000000000000000010001
00101000000000001111111101111011
00011000000001000000000000001110
00010100000000000000000000010010
00101000000000001111111101111000
00011000000001000000000000001101
00010100000000000000000000010011
00101000000000001111111101110101
00011000000001000000000000001100
00010100000000000000000000010100
00101000000000001111111101110010
00011000000001000000000000001011
00010100000000000000000000010101
00101000000000001111111101101111
00011000000001000000000000001010
00010100000000000000000000010110
00101000000000001111111101101100
00011000000001000000000000001001
00010100000000000000000000010111
00101000000000001111111101101001
00011000000001000000000000001000
00010100000000000000000000011000
00101000000000001111111101100110
00011000000001000000000000000111
00010100000000000000000000011001
00101000000000001111111101100011
00011000000001000000000000000110
00010100000000000000000000011010
00101000000000001111111101100000
00011000000001000000000000000101
00010100000000000000000000011011
00101000000000001111111101011101
00011000000001000000000000000100
00010100000000000000000000011100
00101000000000001111111101011010
00011000000001000000000000000011
00010100000000000000000000011101
00101000000000001111111101010111
00011000000001000000000000000010
00010100000000000000000000011110
00101000000000001111111101010100
00011000000001000000000000000001
00010100000000000000000000011111
00101000000000001111111101010001
00011000001001000000000000011111
00010100001000010000000000000001
00101000001000011111111110010111
00011000001001000000000000011110
00010100001000010000000000000010
00101000001000011111111110010100
00011000001001000000000000011101
00010100001000010000000000000011
00101000001000011111111110010001
00011000001001000000000000011100
00010100001000010000000000000100
00101000001000011111111110001110
00011000001001000000000000011011
00010100001000010000000000000101
00101000001000011111111110001011
00011000001001000000000000011010
00010100001000010000000000000110
00101000001000011111111110001000
00011000001001000000000000011001
00010100001000010000000000000111
00101000001000011111111110000101
00011000001001000000000000011000
00010100001000010000000000001000
00101000001000011111111110000010
00011000001001000000000000010111
00010100001000010000000000001001
00101000001000011111111101111111
00011000001001000000000000010110
00010100001000010000000000001010
00101000001000011111111101111100
00011000001001000000000000010101
00010100001000010000000000001011
00101000001000011111111101111001
00011000001001000000000000010100
00010100001000010000000000001100
00101000001000011111111101110110
00011000001001000000000000010011
00010100001000010000000000001101
00101000001000011111111101110011
00011000001001000000000000010010
00010100001000010000000000001110
00101000001000011111111101110000
00011000001001000000000000010001
00010100001000010000000000001111
00101000001000011111111101101101
00011000001001000000000000010000
00010100001000010000000000010000
00101000001000011111111101101010
00011000001001000000000000001111
00010100001000010000000000010001
00101000001000011111111101100111
00011000001001000000000000001110
00010100001000010000000000010010
00101000001000011111111101100100
00011000001001000000000000001101
00010100001000010000000000010011
00101000001000011111111101100001
00011000001001000000000000001100
00010100001000010000000000010100
00101000001000011111111101011110
00011000001001000000000000001011
00010100001000010000000000010101
00101000001000011111111101011011
00011000001001000000000000001010
00010100001000010000000000010110
00101000001000011111111101011000
00011000001001000000000000001001
00010100001000010000000000010111
00101000001000011111111101010101
00011000001001000000000000001000
00010100001000010000000000011000
00101000001000011111111101010010
00011000001001000000000000000111
00010100001000010000000000011001
00101000001000011111111101001111
00011000001001000000000000000110
00010100001000010000000000011010
00101000001000011111111101001100
00011000001001000000000000000101
00010100001000010000000000011011
00101000001000011111111101001001
00011000001001000000000000000100
00010100001000010000000000011100
00101000001000011111111101000110
00011000001001000000000000000011
00010100001000010000000000011101
00101000001000011111111101000011
00011000001001000000000000000010
00010100001000010000000000011110
00101000001000011111111101000000
00011000001001000000000000000001
00010100001000010000000000011111
00101000001000011111111100111101
00000000000000000000000000010001
00000011111111111111100000010001
00011111111000000000000000100100
00000000001000010000100000010001
00011111111000010000000000100101
00000011101111011110100000010001
00000111101111010000000000000001
00000000010000100001000000010001
00000100010000100000000000001101
00001000010000100000000000000001
00000000010000101111000000010000
00000111110111100000000000000001
00011111110000110000000000001010
00000000001000110000100000010001
00010100000000110000000000011011
00011000011000110000000000011011
00000011111111111111100000010001
00101011111000110000000000111111
00000111111111110000000000000001
00101011111000110000000010010010
00000111111111110000000000000001
00101011111000110000000010010011
00000111111111110000000000000001
00101011111000110000000010010100
00000111111111110000000000000001
00101011111000110000000010010101
00000111111111110000000000000001
00101011111000110000000010010110
00000111111111110000000000000001
00101011111000110000000010010111
00000111111111110000000000000001
00101011111000110000000010011000
00000111111111110000000000000001
00101011111000110000000010011001
00000111111111110000000000000001
00101011111000110000000010011010
00000111111111110000000000000001
00101011111000110000000010011011
00000111111111110000000000000001
00101011111000110000000010011100
00000111111111110000000000000001
00101011111000110000000010011101
00000111111111110000000000000001
00101011111000110000000010011110
00000111111111110000000000000001
00101011111000110000000010011111
00000111111111110000000000000001
00101011111000110000000010100000
00000111111111110000000000000001
00101011111000110000000010100001
00000111111111110000000000000001
00101011111000110000000010100010
00000111111111110000000000000001
00101011111000110000000010100011
00000111111111110000000000000001
00101011111000110000000010100100
00000111111111110000000000000001
00101011111000110000000010100101
00000111111111110000000000000001
00101011111000110000000010100110
00000111111111110000000000000001
00101011111000110000000010100111
00000111111111110000000000000001
00101011111000110000000010101000
00000111111111110000000000000001
00101011111000110000000010101001
00000111111111110000000000000001
00101011111000110000000010101010
00000111111111110000000000000001
00101011111000110000000010101011
00000111111111110000000000000001
00101011111000110000000010101100
00000111111111110000000000000001
00101011111000110000000010101101
00000111111111110000000000000001
00101011111000110000000010101110
00000111111111110000000000000001
00101011111000110000000010101111
00000111111111110000000000000001
00101011111000110000000010110000
00000000001001000000100000010000
00000000001000000001100000010010
00000000001000000010000000010100
00000000100000110000100000010100
00000000010000101111000000010000
00011111110000110000000000001010
00000000000000110000000000010001
00010100001000110000000000011011
00011000011000110000000000011011
00000011111111111111100000010001
00101011111000110000000000111111
00000111111111110000000000000001
00101011111000110000000010100110
00000111111111110000000000000001
00101011111000110000000010100111
00000111111111110000000000000001
00101011111000110000000010101000
00000111111111110000000000000001
00101011111000110000000010101001
00000111111111110000000000000001
00101011111000110000000010101010
00000111111111110000000000000001
00101011111000110000000010101011
00000111111111110000000000000001
00101011111000110000000010101100
00000111111111110000000000000001
00101011111000110000000010101101
00000111111111110000000000000001
00101011111000110000000010101110
00000111111111110000000000000001
00101011111000110000000010101111
00000111111111110000000000000001
00101011111000110000000010110000
00000111111111110000000000000001
00101011111000110000000010110001
00000111111111110000000000000001
00101011111000110000000010110010
00000111111111110000000000000001
00101011111000110000000010110011
00000111111111110000000000000001
00101011111000110000000010110100
00000111111111110000000000000001
00101011111000110000000010110101
00000111111111110000000000000001
00101011111000110000000010110110
00000111111111110000000000000001
00101011111000110000000010110111
00000111111111110000000000000001
00101011111000110000000010111000
00000111111111110000000000000001
00101011111000110000000010111001
00000111111111110000000000000001
00101011111000110000000010111010
00000111111111110000000000000001
00101011111000110000000010111011
00000111111111110000000000000001
00101011111000110000000010111100
00000111111111110000000000000001
00101011111000110000000010111101
00000111111111110000000000000001
00101011111000110000000010111110
00000111111111110000000000000001
00101011111000110000000010111111
00000111111111110000000000000001
00101011111000110000000011000000
00000111111111110000000000000001
00101011111000110000000011000001
00000111111111110000000000000001
00101011111000110000000011000010
00000111111111110000000000000001
00101011111000110000000011000011
00000111111111110000000000000001
00101011111000110000000011000100
00000000000001000000000000010000
00000000001000000001100000010010
00000000001000000010000000010100
00000000100000110000000000010100
00101111101000101111111101101011
00000011111111111111100000010001
00011111111000100000000000001011
00000000001000100000100000010001
00011111111000100000000000001010
00000000000000100000000000010001
00100011111000010000000000100111
00100011111000000000000000100110
11111100000000000000000000000000
00010100001001000000000000011111
00011000001000010000000000000001
00101000001000011111111110100111
00010100001001000000000000011110
00011000001000010000000000000010
00101000001000011111111110100100
00010100001001000000000000011101
00011000001000010000000000000011
00101000001000011111111110100001
00010100001001000000000000011100
00011000001000010000000000000100
00101000001000011111111110011110
00010100001001000000000000011011
00011000001000010000000000000101
00101000001000011111111110011011
00010100001001000000000000011010
00011000001000010000000000000110
00101000001000011111111110011000
00010100001001000000000000011001
00011000001000010000000000000111
00101000001000011111111110010101
00010100001001000000000000011000
00011000001000010000000000001000
00101000001000011111111110010010
00010100001001000000000000010111
00011000001000010000000000001001
00101000001000011111111110001111
00010100001001000000000000010110
00011000001000010000000000001010
00101000001000011111111110001100
00010100001001000000000000010101
00011000001000010000000000001011
00101000001000011111111110001001
00010100001001000000000000010100
00011000001000010000000000001100
00101000001000011111111110000110
00010100001001000000000000010011
00011000001000010000000000001101
00101000001000011111111110000011
00010100001001000000000000010010
00011000001000010000000000001110
00101000001000011111111110000000
00010100001001000000000000010001
00011000001000010000000000001111
00101000001000011111111101111101
00010100001001000000000000010000
00011000001000010000000000010000
00101000001000011111111101111010
00010100001001000000000000001111
00011000001000010000000000010001
00101000001000011111111101110111
00010100001001000000000000001110
00011000001000010000000000010010
00101000001000011111111101110100
00010100001001000000000000001101
00011000001000010000000000010011
00101000001000011111111101110001
00010100001001000000000000001100
00011000001000010000000000010100
00101000001000011111111101101110
00010100001001000000000000001011
00011000001000010000000000010101
00101000001000011111111101101011
00010100001001000000000000001010
00011000001000010000000000010110
00101000001000011111111101101000
00010100001001000000000000001001
00011000001000010000000000010111
00101000001000011111111101100101
00010100001001000000000000001000
00011000001000010000000000011000
00101000001000011111111101100010
00010100001001000000000000000111
00011000001000010000000000011001
00101000001000011111111101011111
00010100001001000000000000000110
00011000001000010000000000011010
00101000001000011111111101011100
00010100001001000000000000000101
00011000001000010000000000011011
00101000001000011111111101011001
00010100001001000000000000000100
00011000001000010000000000011100
00101000001000011111111101010110
00010100001001000000000000000011
00011000001000010000000000011101
00101000001000011111111101010011
00010100001001000000000000000010
00011000001000010000000000011110
00101000001000011111111101010000
00010100001001000000000000000001
00011000001000010000000000011111
00101000001000011111111101001101
00010100000001000000000000011111
00011000000000000000000000000001
00101000000000001111111110010011
00010100000001000000000000011110
00011000000000000000000000000010
00101000000000001111111110010000
00010100000001000000000000011101
00011000000000000000000000000011
00101000000000001111111110001101
00010100000001000000000000011100
00011000000000000000000000000100
00101000000000001111111110001010
00010100000001000000000000011011
00011000000000000000000000000101
00101000000000001111111110000111
00010100000001000000000000011010
00011000000000000000000000000110
00101000000000001111111110000100
00010100000001000000000000011001
00011000000000000000000000000111
00101000000000001111111110000001
00010100000001000000000000011000
00011000000000000000000000001000
00101000000000001111111101111110
00010100000001000000000000010111
00011000000000000000000000001001
00101000000000001111111101111011
00010100000001000000000000010110
00011000000000000000000000001010
00101000000000001111111101111000
00010100000001000000000000010101
00011000000000000000000000001011
00101000000000001111111101110101
00010100000001000000000000010100
00011000000000000000000000001100
00101000000000001111111101110010
00010100000001000000000000010011
00011000000000000000000000001101
00101000000000001111111101101111
00010100000001000000000000010010
00011000000000000000000000001110
00101000000000001111111101101100
00010100000001000000000000010001
00011000000000000000000000001111
00101000000000001111111101101001
00010100000001000000000000010000
00011000000000000000000000010000
00101000000000001111111101100110
00010100000001000000000000001111
00011000000000000000000000010001
00101000000000001111111101100011
00010100000001000000000000001110
00011000000000000000000000010010
00101000000000001111111101100000
00010100000001000000000000001101
00011000000000000000000000010011
00101000000000001111111101011101
00010100000001000000000000001100
00011000000000000000000000010100
00101000000000001111111101011010
00010100000001000000000000001011
00011000000000000000000000010101
00101000000000001111111101010111
00010100000001000000000000001010
00011000000000000000000000010110
00101000000000001111111101010100
00010100000001000000000000001001
00011000000000000000000000010111
00101000000000001111111101010001
00010100000001000000000000001000
00011000000000000000000000011000
00101000000000001111111101001110
00010100000001000000000000000111
00011000000000000000000000011001
00101000000000001111111101001011
00010100000001000000000000000110
00011000000000000000000000011010
00101000000000001111111101001000
00010100000001000000000000000101
00011000000000000000000000011011
00101000000000001111111101000101
00010100000001000000000000000100
00011000000000000000000000011100
00101000000000001111111101000010
00010100000001000000000000000011
00011000000000000000000000011101
00101000000000001111111100111111
00010100000001000000000000000010
00011000000000000000000000011110
00101000000000001111111100111100
00010100000001000000000000000001
00011000000000000000000000011111
00101000000000001111111100111001
