00000000000000000000000000010001
00000011111111111111100000010001
00011111111000000000000000100100
00000000001000010000100000010001
00011111111000010000000000100101
00000011101111011110100000010001
00000111101111010000000000000001
00000000010000100001000000010001
00000100010000100000000000001101
00001000010000100000000000000001
00000000010000101111000000010000
00000111110111100000000000000001
00011111110000110000000000001010
00000000001000110000100000010001
00010100000000110000000000011011
00011000011000110000000000011011
00000011111111111111100000010001
00101011111000110000000000111111
00000111111111110000000000000001
00101011111000110000000010010010
00000111111111110000000000000001
00101011111000110000000010010011
00000111111111110000000000000001
00101011111000110000000010010100
00000111111111110000000000000001
00101011111000110000000010010101
00000111111111110000000000000001
00101011111000110000000010010110
00000111111111110000000000000001
00101011111000110000000010010111
00000111111111110000000000000001
00101011111000110000000010011000
00000111111111110000000000000001
00101011111000110000000010011001
00000111111111110000000000000001
00101011111000110000000010011010
00000111111111110000000000000001
00101011111000110000000010011011
00000111111111110000000000000001
00101011111000110000000010011100
00000111111111110000000000000001
00101011111000110000000010011101
00000111111111110000000000000001
00101011111000110000000010011110
00000111111111110000000000000001
00101011111000110000000010011111
00000111111111110000000000000001
00101011111000110000000010100000
00000111111111110000000000000001
00101011111000110000000010100001
00000111111111110000000000000001
00101011111000110000000010100010
00000111111111110000000000000001
00101011111000110000000010100011
00000111111111110000000000000001
00101011111000110000000010100100
00000111111111110000000000000001
00101011111000110000000010100101
00000111111111110000000000000001
00101011111000110000000010100110
00000111111111110000000000000001
00101011111000110000000010100111
00000111111111110000000000000001
00101011111000110000000010101000
00000111111111110000000000000001
00101011111000110000000010101001
00000111111111110000000000000001
00101011111000110000000010101010
00000111111111110000000000000001
00101011111000110000000010101011
00000111111111110000000000000001
00101011111000110000000010101100
00000111111111110000000000000001
00101011111000110000000010101101
00000111111111110000000000000001
00101011111000110000000010101110
00000111111111110000000000000001
00101011111000110000000010101111
00000111111111110000000000000001
00101011111000110000000010110000
00000000001001000000100000010000
00000000001000000001100000010010
00000000001000000010000000010100
00000000100000110000100000010100
00000000010000101111000000010000
00011111110000110000000000001010
00000000000000110000000000010001
00010100001000110000000000011011
00011000011000110000000000011011
00000011111111111111100000010001
00101011111000110000000000111111
00000111111111110000000000000001
00101011111000110000000010100110
00000111111111110000000000000001
00101011111000110000000010100111
00000111111111110000000000000001
00101011111000110000000010101000
00000111111111110000000000000001
00101011111000110000000010101001
00000111111111110000000000000001
00101011111000110000000010101010
00000111111111110000000000000001
00101011111000110000000010101011
00000111111111110000000000000001
00101011111000110000000010101100
00000111111111110000000000000001
00101011111000110000000010101101
00000111111111110000000000000001
00101011111000110000000010101110
00000111111111110000000000000001
00101011111000110000000010101111
00000111111111110000000000000001
00101011111000110000000010110000
00000111111111110000000000000001
00101011111000110000000010110001
00000111111111110000000000000001
00101011111000110000000010110010
00000111111111110000000000000001
00101011111000110000000010110011
00000111111111110000000000000001
00101011111000110000000010110100
00000111111111110000000000000001
00101011111000110000000010110101
00000111111111110000000000000001
00101011111000110000000010110110
00000111111111110000000000000001
00101011111000110000000010110111
00000111111111110000000000000001
00101011111000110000000010111000
00000111111111110000000000000001
00101011111000110000000010111001
00000111111111110000000000000001
00101011111000110000000010111010
00000111111111110000000000000001
00101011111000110000000010111011
00000111111111110000000000000001
00101011111000110000000010111100
00000111111111110000000000000001
00101011111000110000000010111101
00000111111111110000000000000001
00101011111000110000000010111110
00000111111111110000000000000001
00101011111000110000000010111111
00000111111111110000000000000001
00101011111000110000000011000000
00000111111111110000000000000001
00101011111000110000000011000001
00000111111111110000000000000001
00101011111000110000000011000010
00000111111111110000000000000001
00101011111000110000000011000011
00000111111111110000000000000001
00101011111000110000000011000100
00000000000001000000000000010000
00000000001000000001100000010010
00000000001000000010000000010100
00000000100000110000000000010100
00101111101000101111111101101011
00000011111111111111100000010001
00011111111000100000000000001011
00000000001000100000100000010001
00011111111000100000000000001010
00000000000000100000000000010001
00100011111000010000000000100111
00100011111000000000000000100110
11111100000000000000000000000000
00010100001001000000000000011111
00011000001000010000000000000001
00101000001000011111111110100111
00010100001001000000000000011110
00011000001000010000000000000010
00101000001000011111111110100100
00010100001001000000000000011101
00011000001000010000000000000011
00101000001000011111111110100001
00010100001001000000000000011100
00011000001000010000000000000100
00101000001000011111111110011110
00010100001001000000000000011011
00011000001000010000000000000101
00101000001000011111111110011011
00010100001001000000000000011010
00011000001000010000000000000110
00101000001000011111111110011000
00010100001001000000000000011001
00011000001000010000000000000111
00101000001000011111111110010101
00010100001001000000000000011000
00011000001000010000000000001000
00101000001000011111111110010010
00010100001001000000000000010111
00011000001000010000000000001001
00101000001000011111111110001111
00010100001001000000000000010110
00011000001000010000000000001010
00101000001000011111111110001100
00010100001001000000000000010101
00011000001000010000000000001011
00101000001000011111111110001001
00010100001001000000000000010100
00011000001000010000000000001100
00101000001000011111111110000110
00010100001001000000000000010011
00011000001000010000000000001101
00101000001000011111111110000011
00010100001001000000000000010010
00011000001000010000000000001110
00101000001000011111111110000000
00010100001001000000000000010001
00011000001000010000000000001111
00101000001000011111111101111101
00010100001001000000000000010000
00011000001000010000000000010000
00101000001000011111111101111010
00010100001001000000000000001111
00011000001000010000000000010001
00101000001000011111111101110111
00010100001001000000000000001110
00011000001000010000000000010010
00101000001000011111111101110100
00010100001001000000000000001101
00011000001000010000000000010011
00101000001000011111111101110001
00010100001001000000000000001100
00011000001000010000000000010100
00101000001000011111111101101110
00010100001001000000000000001011
00011000001000010000000000010101
00101000001000011111111101101011
00010100001001000000000000001010
00011000001000010000000000010110
00101000001000011111111101101000
00010100001001000000000000001001
00011000001000010000000000010111
00101000001000011111111101100101
00010100001001000000000000001000
00011000001000010000000000011000
00101000001000011111111101100010
00010100001001000000000000000111
00011000001000010000000000011001
00101000001000011111111101011111
00010100001001000000000000000110
00011000001000010000000000011010
00101000001000011111111101011100
00010100001001000000000000000101
00011000001000010000000000011011
00101000001000011111111101011001
00010100001001000000000000000100
00011000001000010000000000011100
00101000001000011111111101010110
00010100001001000000000000000011
00011000001000010000000000011101
00101000001000011111111101010011
00010100001001000000000000000010
00011000001000010000000000011110
00101000001000011111111101010000
00010100001001000000000000000001
00011000001000010000000000011111
00101000001000011111111101001101
00010100000001000000000000011111
00011000000000000000000000000001
00101000000000001111111110010011
00010100000001000000000000011110
00011000000000000000000000000010
00101000000000001111111110010000
00010100000001000000000000011101
00011000000000000000000000000011
00101000000000001111111110001101
00010100000001000000000000011100
00011000000000000000000000000100
00101000000000001111111110001010
00010100000001000000000000011011
00011000000000000000000000000101
00101000000000001111111110000111
00010100000001000000000000011010
00011000000000000000000000000110
00101000000000001111111110000100
00010100000001000000000000011001
00011000000000000000000000000111
00101000000000001111111110000001
00010100000001000000000000011000
00011000000000000000000000001000
00101000000000001111111101111110
00010100000001000000000000010111
00011000000000000000000000001001
00101000000000001111111101111011
00010100000001000000000000010110
00011000000000000000000000001010
00101000000000001111111101111000
00010100000001000000000000010101
00011000000000000000000000001011
00101000000000001111111101110101
00010100000001000000000000010100
00011000000000000000000000001100
00101000000000001111111101110010
00010100000001000000000000010011
00011000000000000000000000001101
00101000000000001111111101101111
00010100000001000000000000010010
00011000000000000000000000001110
00101000000000001111111101101100
00010100000001000000000000010001
00011000000000000000000000001111
00101000000000001111111101101001
00010100000001000000000000010000
00011000000000000000000000010000
00101000000000001111111101100110
00010100000001000000000000001111
00011000000000000000000000010001
00101000000000001111111101100011
00010100000001000000000000001110
00011000000000000000000000010010
00101000000000001111111101100000
00010100000001000000000000001101
00011000000000000000000000010011
00101000000000001111111101011101
00010100000001000000000000001100
00011000000000000000000000010100
00101000000000001111111101011010
00010100000001000000000000001011
00011000000000000000000000010101
00101000000000001111111101010111
00010100000001000000000000001010
00011000000000000000000000010110
00101000000000001111111101010100
00010100000001000000000000001001
00011000000000000000000000010111
00101000000000001111111101010001
00010100000001000000000000001000
00011000000000000000000000011000
00101000000000001111111101001110
00010100000001000000000000000111
00011000000000000000000000011001
00101000000000001111111101001011
00010100000001000000000000000110
00011000000000000000000000011010
00101000000000001111111101001000
00010100000001000000000000000101
00011000000000000000000000011011
00101000000000001111111101000101
00010100000001000000000000000100
00011000000000000000000000011100
00101000000000001111111101000010
00010100000001000000000000000011
00011000000000000000000000011101
00101000000000001111111100111111
00010100000001000000000000000010
00011000000000000000000000011110
00101000000000001111111100111100
00010100000001000000000000000001
00011000000000000000000000011111
00101000000000001111111100111001
